7595
9522
8535
9382
9095
8838
7355
4417
4944
8281
6860
6727
7668
7795
9029
7358
7719
8189
9557
8878
7954
8286
9795
8035
5724
5740
13362
6927
7711
5308
7204
6224
11156
11229
10724
8770
15952
10328
12944
17178
10735
6375
5922
5281
3618
2538
173
10379
4789
4234
5994
10001
11567
12682
12383
11911
8912
15774
11568
14348
12171
13125
13217
13745
12541
14684
17308
17086
16848
18126
19022
15654
19030
14872
14256
16078
15879
16988
17701
21511
24175
24808
28919
32792
30510
35248
32032
33986
37709
38772
31752
33394
41958
37578
39373
39300
34333
36796
33026
31712
38116